Dataset,Resolution,Pixel_Accuracy,Mean_IoU,Class_0_IoU,Class_1_IoU
wildAnimal,16,0.8393509891055045,0.61387694,0.81930834,0.4084456
wildAnimal,32,0.8702037939602446,0.6722904,0.85144395,0.4931368
wildAnimal,64,0.8960731809656919,0.7223397,0.87986994,0.56480944
wildAnimal,128,0.932460633257478,0.80868196,0.9200128,0.6973512
wildAnimal,256,0.9445206411752497,0.8394122,0.93378586,0.74503857
wildAnimal,512,
sky,16,0.9272089729532164,0.56204927,0.925875,0.19822359
sky,32,0.9276681286549707,0.5926838,0.92578614,0.25958145
sky,64,0.9392388237847222,0.62297606,0.9375466,0.30840546
sky,128,0.9476122404399671,0.671065,0.9457464,0.39638355
sky,256,0.9490774857370476,0.678403,0.94721264,0.40959337
sky,512,
street,16,0.9622890409185083,0.6179321,0.96174425,0.27411985
street,32,0.9676877859547652,0.66251004,0.9670951,0.35792494
street,64,0.9702300182363605,0.6997502,0.9695462,0.42995414
street,128,0.9738826435573852,0.7249472,0.97324735,0.4766471
street,256,0.9729814160594624,0.7166193,0.972343,0.4608956
street,512,
containers,16,0.9317710544001132,0.5004576,0.9314216,0.069493644
containers,32,0.9330803224037917,0.515957,0.93258274,0.0993313
containers,64,0.9273077161148839,0.5473689,0.9262208,0.16851705
containers,128,0.9373062556924696,0.54395133,0.93659806,0.1513046
containers,256,0.9296513478096151,0.5511724,0.9285948,0.17374986
containers,512,